level4
0
0
550
800
50
0
5
0
430
20
120
0
0
80
430
640
20
0
5
780
430
20
120
0
4
0
0
20
350
0
4
780
0
20
350
0
6
200
300
20
75
0
6
315
260
20
75
0
5
120
190
20
75
0
6
45
130
20
75
0
5
225
115
20
75
0
5
300
100
75
20
0
6
475
130
20
75
0
1
400
250
50
20
0
6
-3
-3
26
356
1
6
777
-3
26
356
1
6
600
365
50
20
1
6
540
320
50
20
1
6
480
280
50
20
1
4
360
160
20
100
0
6
357
157
26
106
1
5
535
80
200
20
0
