level6
0
0
550
80
20
0
0
120
550
80
20
0
0
240
550
80
20
0
0
360
550
80
20
0
0
480
550
80
20
0
0
600
550
80
20
0
0
720
550
80
20
0
3
60
480
80
20
0
3
180
480
80
20
0
3
300
480
80
20
0
3
420
480
80
20
0
3
540
480
80
20
0
3
660
480
80
20
0
2
120
410
80
20
0
2
240
410
80
20
0
2
360
410
80
20
0
2
480
410
80
20
0
2
600
410
80
20
0
0
180
340
80
20
0
4
300
340
80
20
0
4
420
340
80
20
0
0
540
340
80
20
0
5
240
270
80
20
0
5
360
270
80
20
0
5
480
270
80
20
0
6
300
200
80
20
0
6
420
200
80
20
0
1
360
70
80
20
0
0
297
337
86
26
1
0
417
337
86
26
1
6
0
600
800
20
1
