NIGHTMARE NIGHTMARE 3
2
54
542
373
5
0
4
427
445
8
102
0
4
-3
414
11
185
0
5
-4
584
492
19
0
4
474
553
14
54
0
4
388
445
50
8
0
4
330
487
13
58
0
4
247
493
14
53
0
4
127
485
55
13
0
4
95
523
12
23
0
3
500
568
48
20
0
2
618
590
4
20
0
2
677
531
6
88
0
2
737
547
4
34
0
5
790
360
21
156
0
4
787
502
25
50
0
3
7
379
51
14
0
2
102
335
3
37
0
2
168
354
4
16
0
6
238
340
7
15
0
3
283
145
8
16
0
4
327
107
11
147
0
5
331
109
476
16
0
3
261
198
2
3
0
1
353
220
5
13
0
4
467
73
12
48
0
4
642
74
14
46
0
4
799
88
6
28
0
0
7
111
61
14
0
5
118
180
3
12
0
5
50
208
27
14
0
4
149
66
7
146
0
4
36
121
50
8
0
0
735
213
90
12
0
2
585
263
109
12
0
4
611
208
51
15
0
4
578
247
13
28
0
3
502
257
56
13
0
4
331
241
84
16
0
4
400
197
15
62
0
3
455
211
9
21
0
3
399
191
17
12
0
