NIGHTMARE NIGHTMARE
0
0
550
800
50
0
0
98
447
95
23
0
4
1
334
181
53
0
2
254
407
50
32
0
2
363
377
50
29
0
6
501
356
103
33
0
4
617
197
17
410
0
2
660
215
106
31
0
0
60
273
61
30
0
3
161
239
205
32
0
4
289
190
25
70
0
4
201
189
20
72
0
0
389
201
50
30
0
4
375
246
77
25
0
4
448
174
17
99
0
0
447
145
50
29
0
0
389
65
50
29
0
1
269
72
12
11
0
4
492
23
21
154
0
4
216
81
114
26
0
0
-3
500
89
27
0
