NIGHTMARE NIGHTMARE 2
4
0
590
800
11
0
0
397
560
9
11
0
2
307
532
9
11
0
2
215
500
8
9
0
2
162
422
10
10
0
2
44
494
9
11
0
2
654
562
127
9
0
4
674
498
85
12
0
4
647
543
9
32
0
2
534
534
50
13
0
4
527
505
10
40
0
2
472
503
56
18
0
4
456
451
17
73
0
3
459
447
17
13
0
4
429
450
27
12
0
3
531
404
4
12
0
4
426
402
7
58
0
3
622
364
10
14
0
2
667
308
148
18
0
4
709
282
14
42
0
4
788
279
15
46
0
5
-8
284
261
17
0
4
202
252
9
49
0
2
244
283
118
20
0
2
423
244
15
13
0
3
484
198
120
17
0
6
614
153
80
16
0
4
696
14
12
156
0
3
740
142
32
20
0
4
698
153
103
15
0
5
28
131
188
17
0
4
210
103
10
46
0
0
214
128
113
20
0
0
390
85
15
13
0
1
494
40
12
12
0
4
527
-12
12
81
0
4
471
60
60
16
0
